48,1
48,3
47,1
47,3
0,273
0,270
49,1
49,3
27,1
27,3
10,122
10,87
10,273
10,155
10,277
10,159
10,281
10,179
10,141
11,12
11,10
11,8
8,14
8,15
20,3
20,2
20,1
19,3
19,2
19,1
12,3
12,2
12,1
11,28
11,27
18,1
11,26
11,25
11,24
18,3
11,23
11,22
11,21
11,20
11,19
11,18
11,17
14,1
11,16
11,15
14,3
11,14
11,13
11,9
11,6
11,5
11,4
13,1
11,3
13,3
11,2
11,1
10,303
10,302
10,301
10,300
10,299
10,298
10,297
10,296
10,295
10,294
10,293
10,292
10,291
10,290
10,285
10,279
10,259
10,251
10,241
10,213
10,177
10,165
10,105
10,91
10,35
10,11
10,3
10,2
10,1
9,7
9,5
9,3
9,2
9,1
8,13
8,8
8,7
